
Taxi 93 picking up customer path:
[77, 77]
Taxi 93 transporting customer path:
[77, 77]
[77, 78]
[77, 79]
[78, 79]
[79, 79]

Taxi 80 picking up customer path:
[21, 56]
[21, 57]
[22, 57]
[23, 57]
Taxi 80 transporting customer path:
[23, 57]
[23, 56]
[23, 55]
[24, 55]
[24, 54]
[24, 53]
[25, 53]
[26, 53]
[26, 54]
[26, 55]
[27, 55]
[28, 55]
[29, 55]
[29, 56]
[30, 56]
[30, 57]
[31, 57]
[32, 57]
[32, 56]
[31, 56]

Taxi 61 picking up customer path:
[77, 61]
[76, 61]
[76, 62]
[77, 62]
Taxi 61 transporting customer path:
[77, 62]
[77, 63]
[77, 64]
[78, 64]
[78, 65]
[79, 65]
[79, 66]
[79, 67]
[79, 68]
[79, 69]
[79, 70]
[79, 71]
[79, 72]
[79, 73]
[79, 74]
[79, 75]
[79, 76]
[79, 77]
[79, 78]
[79, 79]

Taxi 34 picking up customer path:
[25, 59]
[25, 58]
[25, 57]
[24, 57]
[23, 57]
Taxi 34 transporting customer path:
[23, 57]
[23, 56]
[23, 55]
[24, 55]
[24, 54]
[24, 53]
[25, 53]
[26, 53]
[26, 54]
[26, 55]
[27, 55]
[28, 55]
[29, 55]
[29, 56]
[30, 56]
[30, 57]
[31, 57]
[32, 57]
[32, 56]
[31, 56]

Taxi 43 picking up customer path:
[75, 70]
[76, 70]
[76, 69]
[76, 68]
[77, 68]
[78, 68]
[78, 67]
[77, 67]
Taxi 43 transporting customer path:
[77, 67]
[78, 67]
[78, 68]
[78, 69]
[78, 70]
[79, 70]
[79, 71]
[79, 72]
[79, 73]
[79, 74]
[79, 75]
[79, 76]
[79, 77]
[79, 78]
[79, 79]

Taxi 10 picking up customer path:
[21, 58]
[21, 57]
[22, 57]
[23, 57]
Taxi 10 transporting customer path:
[23, 57]
[23, 56]
[23, 55]
[24, 55]
[24, 54]
[24, 53]
[25, 53]
[26, 53]
[26, 54]
[26, 55]
[27, 55]
[28, 55]
[29, 55]
[29, 56]
[30, 56]
[30, 57]
[31, 57]
[32, 57]
[32, 56]
[31, 56]

Taxi 22 picking up customer path:
[75, 53]
[75, 52]
[76, 52]
[77, 52]
Taxi 22 transporting customer path:
[77, 52]
[78, 52]
[79, 52]
[79, 53]
[79, 54]
[79, 55]
[79, 56]
[79, 57]
[79, 58]
[79, 59]
[79, 60]
[79, 61]
[79, 62]
[79, 63]
[79, 64]
[79, 65]
[79, 66]
[79, 67]
[79, 68]
[79, 69]
[79, 70]
[79, 71]
[79, 72]
[79, 73]
[79, 74]
[79, 75]
[79, 76]
[79, 77]
[79, 78]
[79, 79]

Taxi 22 picking up customer path:
[75, 53]
[75, 52]
[76, 52]
[77, 52]
Taxi 22 transporting customer path:
[77, 52]
[78, 52]
[79, 52]
[79, 53]
[79, 54]
[79, 55]
[79, 56]
[79, 57]
[79, 58]
[79, 59]
[79, 60]
[79, 61]
[79, 62]
[79, 63]
[79, 64]
[79, 65]
[79, 66]
[79, 67]
[79, 68]
[79, 69]
[79, 70]
[79, 71]
[79, 72]
[79, 73]
[79, 74]
[79, 75]
[79, 76]
[79, 77]
[79, 78]
[79, 79]

Taxi 22 picking up customer path:
[77, 77]
Taxi 22 transporting customer path:
[77, 77]
[77, 78]
[77, 79]
[78, 79]
[79, 79]

Taxi 43 picking up customer path:
[75, 70]
[76, 70]
[76, 69]
[76, 68]
[77, 68]
[78, 68]
[78, 67]
[77, 67]
Taxi 43 transporting customer path:
[77, 67]
[78, 67]
[78, 68]
[78, 69]
[78, 70]
[79, 70]
[79, 71]
[79, 72]
[79, 73]
[79, 74]
[79, 75]
[79, 76]
[79, 77]
[79, 78]
[79, 79]

Taxi 43 picking up customer path:
[74, 75]
[74, 74]
[74, 73]
[74, 72]
[74, 71]
[75, 71]
[76, 71]
[77, 71]
[78, 71]
[78, 72]
[77, 72]
Taxi 43 transporting customer path:
[77, 72]
[77, 73]
[78, 73]
[78, 74]
[78, 75]
[78, 76]
[78, 77]
[78, 78]
[79, 78]
[79, 79]

Taxi 43 picking up customer path:
[75, 70]
[76, 70]
[76, 69]
[76, 68]
[77, 68]
[78, 68]
[78, 67]
[77, 67]
Taxi 43 transporting customer path:
[77, 67]
[78, 67]
[78, 68]
[78, 69]
[78, 70]
[79, 70]
[79, 71]
[79, 72]
[79, 73]
[79, 74]
[79, 75]
[79, 76]
[79, 77]
[79, 78]
[79, 79]

Taxi 43 picking up customer path:
[74, 75]
[74, 74]
[74, 73]
[74, 72]
[74, 71]
[75, 71]
[76, 71]
[77, 71]
[78, 71]
[78, 72]
[77, 72]
Taxi 43 transporting customer path:
[77, 72]
[77, 73]
[78, 73]
[78, 74]
[78, 75]
[78, 76]
[78, 77]
[78, 78]
[79, 78]
[79, 79]

Taxi 43 picking up customer path:
[69, 79]
[70, 79]
[71, 79]
[72, 79]
[73, 79]
[74, 79]
[75, 79]
[76, 79]
[77, 79]
[77, 78]
[77, 77]
Taxi 43 transporting customer path:
[77, 77]
[77, 78]
[77, 79]
[78, 79]
[79, 79]

Taxi 22 picking up customer path:
[75, 53]
[75, 52]
[76, 52]
[77, 52]
Taxi 22 transporting customer path:
[77, 52]
[78, 52]
[79, 52]
[79, 53]
[79, 54]
[79, 55]
[79, 56]
[79, 57]
[79, 58]
[79, 59]
[79, 60]
[79, 61]
[79, 62]
[79, 63]
[79, 64]
[79, 65]
[79, 66]
[79, 67]
[79, 68]
[79, 69]
[79, 70]
[79, 71]
[79, 72]
[79, 73]
[79, 74]
[79, 75]
[79, 76]
[79, 77]
[79, 78]
[79, 79]

Taxi 22 picking up customer path:
[77, 77]
Taxi 22 transporting customer path:
[77, 77]
[77, 78]
[77, 79]
[78, 79]
[79, 79]

Taxi 22 picking up customer path:
[70, 72]
[70, 71]
[70, 70]
[71, 70]
[72, 70]
[73, 70]
[74, 70]
[75, 70]
[76, 70]
[76, 71]
[77, 71]
[78, 71]
[78, 72]
[77, 72]
Taxi 22 transporting customer path:
[77, 72]
[77, 73]
[78, 73]
[78, 74]
[78, 75]
[78, 76]
[78, 77]
[78, 78]
[79, 78]
[79, 79]

Taxi 9 picking up customer path:
[32, 8]
[32, 9]
[33, 9]
[33, 10]
[34, 10]
[35, 10]
Taxi 9 transporting customer path:
[35, 10]
[34, 10]
[33, 10]
[33, 11]
[32, 11]
[32, 12]
[31, 12]
[30, 12]
[30, 13]
[29, 13]
[29, 14]
[28, 14]
[28, 15]
[28, 16]
[28, 17]
[28, 18]
[28, 19]
[28, 20]
[29, 20]
[29, 21]
[29, 22]
[29, 23]
[29, 24]
[30, 24]
[30, 25]
[30, 26]
[30, 27]
[30, 28]
[31, 28]
[31, 29]
[32, 29]
[32, 30]
[32, 31]
[32, 32]
[32, 33]
[32, 34]

Taxi 45 picking up customer path:
[30, 34]
[30, 35]
[30, 36]
[29, 36]
[28, 36]
[27, 36]
[26, 36]
[26, 35]
[26, 34]
[25, 34]
Taxi 45 transporting customer path:
[25, 34]
[26, 34]
[26, 35]
[26, 36]
[27, 36]
[28, 36]
[29, 36]
[30, 36]
[30, 35]
[30, 34]
[31, 34]
[32, 34]
